0.6654466682083481
0.6499535646584689
0.6745651669097159
0.6093139318550219
0.6355729649500306
0.6360095909092406
0.6215286538785545
0.6119837815489366
0.6483537648970039
0.6307534153055434
0.6729462516013014
0.6272075159873416
0.6527555105810446
0.6278229139006849
0.6213984994925726
0.6098791175228078
0.6695119984669189
0.660718477413196
0.6449357895017409
0.6478298944241021
0.5912608676200528
0.6344702133966456
0.6509506906607534
0.602811168178937
0.6695881331994735
0.6205907693693984
0.6280186146483306
0.6113119525848557
0.6111495763638279
0.6227511188040614
0.6155419431915452
0.6345317897546525
0.6264057358110668
0.6220181354332819
0.6264056693719139
0.6507421485132028
0.6245004055936503
0.6379681064199872
0.6218422984997622
0.6325680733418708
0.6349720007278827
0.6710724978402691
0.6430828999052259
0.6404425953186654
0.6577546197559558
0.6653533062357389
0.6299838114341249
0.6033249061130355
0.6372863190081071
0.6027262571962521
0.6405143234365697
0.6560229513955202
0.6420771385121429
0.6336749652555629
0.6351237318472909
0.6554308113850942
0.6501039691494226
0.5880737696360792
0.6496507422647694
0.6452393030321544
0.6391660728242654
0.6307733627698162
0.645261885514226
0.6497732173422625
0.6307696540722798
0.6433274475346358
0.6637655062707237
0.6577067848046354
0.6223222009448858
0.6513698702941335
0.6734465098699964
0.6167375685190233
0.6402038326712065
0.649675308494676
0.6586522512525352
0.6221225893416196
0.6355069882768878
0.6531906181554565
0.6674560316343755
0.6225159040406998
0.6391645945595752
0.6799553318312632
0.6070269976165532
0.628008842082744
0.6406732084145903
0.6595855431707335
0.671861717061544
0.6468858765642134
0.6216601350673767
0.6143459949237036
0.6538867276758821
0.6157687496216715
0.6364049385726438
0.6298897111684054
0.624300550262878
0.6612202795448449
0.6310373629049013
0.6425517850030353
0.6282160969212449
0.648300611698092
0.6442988019053201
0.6395965369305607
0.6131361871068328
0.6269856165264669
0.6661840837191431
0.6198019977798841
0.6322204076351334
0.6226417852339291
0.6609056644987423
0.6483388933396548
0.6157684259083909
0.6541839589710126
0.6428090825301204
0.6206059901282646
0.6180257558652371
0.6142253201436745
0.6674861301306816
0.6785178338215465
0.6717550136962991
0.6067376369219615
0.6478919930022449
0.6552226677165914
0.6115466265721995
0.6312420535703213
0.6470217481254436
0.6862574049521708
0.6235114078102042
0.6446542227062686
0.6652872904725683
0.6163175789828574
0.6668181042751893
0.6541943062693824
0.6300412539616858
0.6632570000816875
0.6496344157401632
0.6108475523505545
0.582630338865556
0.644716019014206
0.6043102402177928
0.6312476232366122
0.6611123596760906
0.627300265867585
0.6063634419537223
0.6357054609726017
0.6879356745576775
0.6594943892325006
0.6787047315459631
0.6286659055626658
0.6345035106454711
0.6265868043750125
0.6097270173277811
0.6339859609039598
0.5949713268623675
0.6270961300353362
0.6331604561759628
0.6075723862391709
0.6305099453449907
0.6156003910657266
0.6543463679479755
0.6078995879762887
0.6331838935005738
0.6529535426501734
0.6350957582626486
0.6118592124329718
0.6368809159684682
0.6284219060711534
0.6163432038811272
0.6263407492942508
0.6582968747717631
0.6830394793199543
0.6430535871738884
0.6486442305754331
0.6045281566207654
0.653450382725523
0.6479143104825458
0.62403704481119
0.6266996007994378
0.615859769512035
0.6560754590122955
0.6413155512711204
0.6334965378938053
0.6324679145773502
0.6133706462366431
0.6048097075053533
0.6811871335098902
0.6386947005862875
0.6431260278491783
0.6169337270237021
0.6579117192496255
0.6230543161581044
0.6275875159292692
0.6302555021075333
0.6001978251802997
0.6283830143490798
0.6505079123966184
0.669570605331818
0.5991700421265616
0.6159340456990208
0.6595239868895213
0.6542245661704159
0.6271030910360117
0.6160318444611229
0.6302011256592168
0.6490001326295476
0.6181560901962341
0.6370342053469198
0.639622549848307
0.6325051439337668
0.6531678422570142
0.6333630954145215
0.6552110247330094
0.58970007645193
0.6237998354056166
0.6526589062162063
0.5903467110607161
0.6670883800071661
0.6391201654953903
0.6393483871435992
0.6658913934870471
0.6444274866645185
0.612188808583473
0.6434532861110165
0.6094958858806532
0.6329845193163286
0.6313730207983885
0.6647811814261189
0.6349473303019559
0.6551587828689106
0.6123114166442357
0.6198364024757927
0.6750425691316028
0.6489951109315881
0.6475327441208608
0.6464483814226258
0.6450613226432224
0.6092412651004948
0.6340627061423877
0.6177326207146892
0.6472301036092347
0.6441208953502585
0.6672407622218732
0.6294308942931606
0.6086698986909638
0.6173030374690116
0.6165245150109313
0.6372218696636633
0.6410448368705788
0.6497171097412922
0.6596162697536591
0.6200974303510365
0.6501204175621045
0.6748582031274275
0.6543577698920401
0.6614936244832755
0.6508926896884444
0.6142831659294071
0.6173163514355904
0.6654990880584961
0.6632240623288409
0.633599907342333
0.6158296342317111
0.6546231362023105
0.6285416208677073
0.5995889460162284
0.6469318485019624
0.6356359011837098
0.6158563148205383
0.629157681405259
0.6368059535248054
0.6260162809758175
0.6355488529575126
0.6815535324398523
0.619241204939983
0.6255516538667818
0.6954917337884226
0.6304414912502243
0.635765186669371
0.636821278978677
0.6192564344950762
0.649620904353317
0.6393954588467016
0.6545919056530546
0.6409823492196682
0.6205769746304706
0.6600910684203176
0.6168940209244
0.6550130699740313
0.6601409795087202
0.6254850570419327
0.6112058208579241
0.6220018108821386
0.6496047908880916
0.5996524950550268
0.648589658151017
0.62491039598996
0.6245231852593753
0.6508998300186071
0.626856289643423
0.6485091281184595
0.6190866617845361
0.6446073695558787
0.6454827734605093
0.6591179737604462
0.6059826950150073
0.6230372067988077
0.6103537582466242
0.6708004944127288
0.6148526731279809
0.6218902037808214
0.6050952953906785
0.6413072419911503
0.6155105190528821
0.6142274229983598
0.6363895218346369
0.6509226037334448
0.6132710320676891
0.6593659055526944
0.6651019570476222
0.6041472447138707
0.5995402547917088
0.656528455657726
0.6416851229844465
0.5941474495042333
0.5992613947982461
0.6449504940617978
0.6241159353866059
0.6437182730154641
0.6407178550103065
0.640472229272427
0.6238975298265745
0.6455121375444526
0.6362635420176923
0.6274477145815277
0.6245626064067803
0.6535835347151941
0.6675774462596913
0.65772607552535
0.649122240475335
0.6247697280152562
0.6746696286524383
0.6435160099620483
0.6584922714740385
0.642001527426945
0.6400422449640346
0.6309465184115577
0.6263703178739287
0.6746002848792623
0.6451013553448942
0.6740783312275043
0.661510134911907
0.6638770443125208
0.6155308838597561
0.6226059762115534
0.6361962167186772
0.6159832026967405
0.6283374796141445
0.6493920863156639
0.6495092362097634
0.6626166345368301
0.6522890382298052
0.6369699729964422
0.6576437228837594
0.6178626416926596
0.6373029651454096
0.6818115610197266
0.6065762994099413
0.6428071788272138
0.6533028278439912
0.6256668915265484
0.6240331606619739
0.6488506519808003
0.6337968868536765
0.6274822426541368
0.6173910141478056
0.6182643997441775
0.6548499299254865
0.6159140068652579
0.6121544269798056
0.6374560778336766
0.636785710922959
0.6243244097758058
0.6436775833962551
0.6832995417118399
0.6470397871764288
0.6331774068193265
0.6411316314515281
0.6284957739207153
0.6233907509888902
0.6230689697396726
0.6608211816648717
0.6328766824017726
0.6164164048980265
0.6084153978939532
0.6613777970497429
0.6203577130689606
0.6401061370315803
0.6518545197480692
0.6505066202221635
0.6311194776950415
0.6175285840262501
0.6283326900658597
0.6143454714991785
0.6512360185859234
0.6513227369183772
0.6348232399565755
0.6092146352434642
0.5953240196402998
0.6613928495705927
0.6609918210619998
0.6341185774010225
0.6229151052193784
0.6601850643349041
0.6278491520756448
0.6334970427999036
0.6368097467515335
0.6421064856893455
0.6463206759314661
0.6354117279814333
0.6462826263295085
0.6539177026729417
0.6477173489121144
0.6426930333228482
0.6616071967980686
0.6555973059499127
0.6402680495438394
0.6426437697167652
0.6116401625818133
0.6444029514282665
0.6195746920803644
0.6667452821857851
0.6475023922657829
0.6143381973744519
0.6526924530150038
0.6388860147999004
0.6901913348795605
0.639102908131655
0.6706423735434439
0.6493728186283602
0.6218083270977728
0.6553546047389247
0.6402729211697892
0.6106195392755983
0.6395954561500394
0.6376775170457138
0.6426614405946836
0.6177265894312771
0.6362337602929148
0.6417954270774662
0.6391527935521335
0.6658153368776714
0.7023677851737941
0.6208877120343643
0.6216463667889429
0.672611435830424
0.6417927730900306
0.659483782678757
0.6443089476279267
0.6376424979319791
0.6107977294076385
0.6767608595585775
0.6095555914521966
0.6442788081639766
0.6393962245769608
0.5944742546909865
0.6155866496999532
0.6248505670791671
0.6523329450834296
0.6589453257156577
0.618372743313435
0.6440608245312142
0.6048257374105594
0.6573468317075917
0.6279295897850529
0.6178368957768374
0.6241215909144713
0.6126737790083465
0.6378366935369173
0.6385161526323689
0.6521187183440187
0.6657175832629062
0.6303714378084093
0.6051395496518321
0.6239133784447227
0.6168370976716453
0.6540134518052863
0.6040459723747441
0.6240862642551968
0.6321028944457481
0.628938922525508
0.6201752092238343
0.6299748122325395
0.6505746586196546
0.6328860715321802
0.6222276162450057
0.661304920525652
0.6940861006354979
0.6760123446538433
0.6220581504424679
0.629631533828763
0.652256623840424
0.6320289802408534
0.622314735042143
0.6335932871956989
0.6161116454540764
0.6487704309295459
0.6194471276083606
0.6219476926994472
0.6639651663703595
0.6529302763533231
0.6162079564874998
0.6306076937618983
0.6529999627931746
0.6246660961099157
0.6771496200593397
0.630288944375311
0.6633020361603921
0.6562132064627939
0.6479887666164913
0.6364075747455061
0.6420880129783695
0.6984063466441897
0.6352904738435992
0.6252600574103224
0.6647584298452452
0.641814921956349
0.6134261100157725
0.6607889298790323
0.6669448209892419
0.6338503067634256
0.669952255525516
0.6449761470448565
0.631660558739685
0.6375550089669942
0.6350408296313896
0.6017198774838468
0.6042026440510264
0.6320949496895487
0.6445327291787063
0.6279939140905568
0.6119813167419887
0.6532767497152827
0.6424837914130981
0.6565378666326186
0.600276559148913
0.6794041291391602
0.6702397870726611
0.6720406518109832
0.6496962607164359
0.6365163650456448
0.6683301879686612
0.6444727496558936
0.6755612204498052
0.6805620974465261
0.652162595234637
0.6463031973418434
0.6670120269457109
0.6085798318026969
0.6884163284613442
0.6486874984548975
0.6158578521527261
0.6937073587208163
0.6188049395680596
0.6754543026383267
0.6301675456196005
0.6239985573297671
0.6379580298422585
0.6137774834919345
0.659137373634628
0.6470288402947267
0.630785264766683
0.6306322210872252
0.6299753723978399
0.6532767144388734
0.5992135715756772
0.6253709652248544
0.6450554643414923
0.6613824962699445
0.6565583896974616
0.6618584315853084
0.6569970184437002
0.626367984597118
0.6476690427830785
0.632295397947926
0.6285546481813269
0.6352617703973149
0.615019940026093
0.6379103093595663
0.6235696717695443
0.6502189621761363
0.6110579086179307
0.669084291724396
0.6606974156533529
0.6106778109039461
0.6262002922278876
0.6585428075932013
0.6598400681082895
0.6116227016916221
0.6324828739701264
0.6207471991958129
0.6294860482541929
0.6206264246352082
0.629777509649309
0.6502104437009437
0.6382464280574304
0.6304990350426884
0.6176027462251763
0.6711266930725183
0.6361031146718288
0.6525618206647581
0.652560121527147
0.6682909396476933
0.6233538890354481
0.6502116850788391
0.635740020004121
0.6350863427950105
0.6508153640143011
0.6332033545983888
0.6327601226045496
0.5917042438182096
0.6562562546561933
0.6165418836460099
0.6969087902446072
0.6570914614545149
0.6497975535322547
0.6267611841855416
0.6298814566295252
0.6546722584312161
0.6079144613941007
0.651573458271231
0.6279380926565132
0.6355663240379886
0.6389233962941472
0.6215074264563987
0.6878271203248278
0.6204719927423494
0.6337155439374843
0.6535642193918545
0.6435214971042574
0.6561175487049133
0.6282329606994443
0.6376519251501915
0.6214460296924831
0.652017899159357
0.6534881461816267
0.651890896543909
0.6281224934419314
0.6116545740136474
0.6310373908776107
0.6381448741517215
0.6217802549172052
0.6800221270118485
0.6532022596411784
0.669526193436701
0.6344516315020847
0.6480209833872759
0.6586118489375814
0.6120679554996868
0.6431873169266776
0.6404227203311852
0.6301084578328189
0.634346852875949
0.6209693304001769
0.6785064787573258
0.6272901817325067
0.6595440973900841
0.6410865498550049
0.6018737148842357
0.6206212421070065
0.6270215762669102
0.659921193255748
0.6222898473431352
0.6173155879968621
0.6422024691988356
0.6331162380037632
0.6067065553121738
0.6614735636077029
0.6356661238046821
0.6202187190351971
0.650510991875203
0.6235072017012542
0.6016595275947153
0.5919610807325475
0.6076581489994802
0.6597719651925538
0.6484938281556866
0.6504102947461661
0.61894698656577
0.6580689492650924
0.6206318085514771
0.6585423538823174
0.6139068606746856
0.6451954173018365
0.6139538153401038
0.6632783406643075
0.6629002005161979
0.5981378115952914
0.6761980368254596
0.6491586983945052
0.5906831826922072
0.633062855221094
0.6340616395665799
0.6574656352349795
0.6434623290156477
0.6788271437954807
0.6014981352125215
0.636096661669553
0.6444736736535619
0.6463467992149061
0.6649176776884941
0.613300240732564
0.6072453838267189
0.6189213536332787
0.6330817922741605
0.676781051899793
0.6373581543667017
0.649253990443031
0.6102976214866065
0.624409296007692
0.6216406152693774
0.6360701614402353
0.6540583691291881
0.6226202978530502
0.6089399313974422
0.6503781557717045
0.6283980816736214
0.6025351275936581
0.6239250801046989
0.6501427510521771
0.624383407064885
0.6717744928758569
0.6208765683073054
0.6905846583812953
0.6431400266657965
0.61962787790273
0.6534999716571175
0.6038790939310787
0.5992896622165457
0.6853097063459561
0.6166911067652803
0.6148252153962174
0.6200508661300608
0.6394360237937151
0.6490118076069376
0.604842011656394
0.6619709809969514
0.6400664437407799
0.6534533006385146
0.6168347886496257
0.6272409658278085
0.6289432075020056
0.6494056149016083
0.6803988540561894
0.6067130266410519
0.6356381887865258
0.6398936058648537
0.614077972291466
0.6157713828634681
0.626102822663477
0.6264503706690965
0.653679627193227
0.6427876936546206
0.6294547679259028
0.661267655015341
0.6281903222627506
0.5950380158543178
0.6879598028445928
0.6387363110311136
0.6567682661833562
0.6102149726211507
0.6293358120617971
0.6252339361565166
0.6336299483211852
0.6205549350226419
0.6559315764215408
0.6287878815388448
0.6325050037523298
0.638280487908417
0.6198197173667512
0.6274008619037548
0.6545277388358911
0.6032338443377154
0.639517305087197
0.6423294139459497
0.639570727176964
0.6884586712455563
0.6093552370099418
0.6372176643831506
0.589784967733987
0.621630746615291
0.6200472878412608
0.6289895540466822
0.6311541533752327
0.6368580733209209
0.6110349585650371
0.6014308152513987
0.6407243311186488
0.6060727486591062
0.6327821413042571
0.6255870888098869
0.6353185259248424
0.6679639194272358
0.6123712600295003
0.6201732111983773
0.6421042855632202
0.6436440776529404
0.6710914800224694
0.6236925466958765
0.6444773509784504
0.6482754545805628
0.619916523951014
0.6287515861504256
0.611265008679154
0.6277262083070665
0.6617242854773374
0.6162889807541997
0.606188241720057
0.6216611528938292
0.6500812714512465
0.6215804849402187
0.641494919961319
0.6091797487921682
0.68481706389993
0.6343428288640632
0.6434892664666263
0.6440033547669967
0.6309390043945957
0.6417013461097771
0.6443965005580163
0.6422318976352328
0.6289447325393573
0.6281813129265617
0.6152855454045454
0.6359759540312118
0.6499570469334617
0.6192302980951245
0.6413034067358241
0.6968990685058796
0.6206416241366466
0.6407314504017987
0.6475784249265685
0.6274995754276456
0.6257606745504358
0.6211152480444468
0.6352312622095816
0.631947692365886
0.655287710368374
0.6099265103929188
0.650884564130716
0.6461830605424773
0.6465458656861937
0.6347578636499066
0.6516023945206265
0.6350647814431004
0.6534878699045121
0.6753923451292179
0.6311219755420157
0.6147109459191948
0.6212213057869223
0.6434905252317481
0.6285734724108134
0.6438461064015522
0.5943407502771572
0.6482629149316159
0.6512371585643862
0.6681939310026769
0.6441061009809688
0.6261770479766873
0.6701511890314897
0.6266597418073976
0.6384944404806374
0.6177175422211931
0.6180228803953822
0.6426009871781986
0.6715034311146826
0.6664579308091654
0.6321418828771406
0.6303456834832495
0.642431501971297
0.6530852518841714
0.6229684071472424
0.6244357792118298
0.6216893701140228
0.6244169942052175
0.6339149716449328
0.5981483689229072
0.615417007809477
0.6061493541604606
0.5680830834772683
0.631549942038105
0.6557800338343355
0.6290457356109924
0.6464067901401684
0.6487000834355054
0.6580676456701564
0.6486930465313887
0.6407879947464937
0.6192004802190454
0.6123700661497697
0.6339558744654952
0.6721536310152094
0.6562279262114671
0.6367826581705447
0.6069386168779194
0.6576182271840585
0.697323210138773
0.6122287297711879
0.6416414092263696
0.6360337204253763
0.6276723811410931
0.6116658355932463
0.6448343314207048
0.6402428379849121
0.6090651802541069
0.6693122102919451
0.6325533784954107
0.6041589897628256
0.6131458744810716
0.6756475880257049
0.6298776843212216
0.630039033402289
0.6220918062636298
0.6534010381865281
0.6385535543287757
0.6528567594337749
0.6218399580091998
0.6236304662788061
0.6156941800032575
0.6544475672876666
0.6703772371844297
0.639414782838436
0.6494751223293287
0.611421453997447
0.671275599224742
0.6304858277410095
0.6823334861354431
0.6072793554344442
0.6516309257188586
0.6528617420510449
0.6180360704202421
0.6886403637416009
0.647876312031309
0.6666847267291064
0.6251554132784338
0.6263024792383522
0.6561483521341285
0.6341419158648538
0.665324412441874
0.6235927769456824
0.6122429677776544
0.6156557890415992
0.6033483048501944
0.6533351596426307
0.6029676540382151
0.6323656526030657
0.641875079741223
0.6553370754229821
0.611906092395329
0.6485563814750477
0.6271857805281811
0.6001833049077403
0.6299295504478868
0.6238659688772982
0.6814855774438902
0.6341342419063154
0.6333582566184339
0.6267005431213857
0.6020311933632536
0.6241639335797226
0.6585131378134768
0.619087586807676
0.6090832284912588
0.6366146925319915
0.620046337356941
0.6298051307818562
0.6385815604343537
0.6072850847828812
0.6315183327993316
0.6145582449872882
0.6359228109087285
0.587721021583731
0.6496972354870422
0.582293899957673
0.6269575266967444
0.6715008689050879
0.6050969594268983
0.6413710417160692
0.6510887195958356
0.6034744164129728
0.6283940734987032
0.643689544206187
0.6060318285434145
0.6607962467699875
0.6207225201511793
0.6324790265617923
0.5901651371158008
0.658466688651901
0.6990653180412123
0.6392660643706412
0.6249266324876457
0.6535869285593409
0.6459804439508627
0.6778514375030409
0.6186095360630176
0.6254679538353209
0.6499560684290482
0.6726172073333211
0.6461553869609107
0.6519190157411836
0.6446657384290178
0.6431672921324896
0.6202933166976825
0.6597922056244626
0.6661652371238093
0.6581925595125615
0.6891400998357415
0.6441496872552221
0.6471618609904687
0.6534882593441227
0.6309852091952514
0.6618466848676101
0.6703883278750169
0.6448167767550538
0.6145733155909572
0.6346133821031184
0.6786771745439077
0.6361402459306784
0.6465917220413017
0.6432672067976482
0.6023656699694551
0.6478996619699408
0.6471424535202943
0.6604505476822916
0.6151315938598196
0.6389959947010722
0.6669182150222261
0.6679703358576261
0.6308933958922553
0.6289609159459988
0.6321875324640842
0.6553131202568905
0.6494458725036303
0.6312309597504405
0.6113051149030525
0.6155194500806263
0.6492325825779723
0.6368878305762485
0.6168399981273968
0.654573993235464
0.689675657999518
0.6335823260725161
0.6350740277554758
0.6404067653423458
0.653618901939222
0.6351089732168036
0.6536422284541186
0.6293405076572298
0.63388971908404
0.660446680812546
0.6591422158488638
0.6197709932416451
0.6168290382058079
0.6269618088853479
0.6106262832494573
0.6501199537681666
0.608054324292967
0.651054860599833
0.6329701518006756
0.6356639470178678
0.6273368316143868
0.6434148761304215
0.6127789087219762
0.6460789977922285
0.6766086685123273
0.6366761897578561
0.6135934088018156
0.6597646184227461
0.6200349782232306
0.6554834900711684
0.6556587864290012
0.5964722703406468
0.6488400936492948
0.6691836979306753
0.651446426591211
0.6609991298017153
0.6157471910530989
0.6103527845001446
0.6452983722684262
0.6024199120974787
0.6135759670280052
0.6140718805015297
0.6275269772883612
0.6684955957527341
0.6519363472628816
0.6222230157535459
0.6330351274989766
0.6606368484891247
0.6411925811159578
0.635162755112592
0.6173357008936957
0.6374326701469719
0.6260987771154121
0.6372464105963083
0.6390957666454071
0.618291120955993
0.6241359307856784
0.6318311498070794
0.6004378391578324
0.6457550572192399
0.6439906265541357
0.6179420690122801
0.6074094188073658
0.66092270335797
0.611685580201127
0.6137896153672681
0.6573550989614034
0.6217596340435284
0.6612795135013546
0.6404840140666728
0.6333200633666596
0.6638743476794811
0.6133252973065637
0.6334575802827427
0.603002804052648
0.6393747722616006
0.6350861025157947
0.6355698785193129
0.6488440264786187
0.6125326068121478
0.6164838929007623
0.5979320645016427
0.6353525981922932
0.6451699814401799
0.641472045278638
0.6629161396802902
0.6430365897833268
0.6418878453614061
0.6481469118317209
0.6322314815468142
0.6463440126786767
0.6144767704582006
0.6223257737110915
0.6632423954157496
0.6813725760197288
0.5949435812590682
0.6746145165043712
0.6660572392181605
0.6264830915830614
0.641734978580995
0.6284353549674586
0.5917473901933572
0.638657506375162
0.6299945921980923
0.6547071443446102
0.6276422958203081
0.6782003330993884
0.6707846209803223
0.617787559573546
0.6316206657430958
0.67265560200244
0.6094567963538513
0.6117120311948487
0.6249267420118387
0.6326825442746722
0.6406009941519306
0.6195244063846816
0.6401493279368223
0.6618839810340904
0.6213366281241419
0.6673046030246925
0.6277056696271088
0.6592302461107362
0.6830780355484416
0.6301175190277959
0.6528860097795319
0.6234361977515669
0.6369796876261707
0.6677392969807195
0.6509630312223886
0.6885061747700967
0.6233017192315262
0.6386268221143514
0.6289905559264228
0.6520973464359485
0.6588290800111023
0.6785209715527414
0.6348762286272522
0.6219691332739059
0.6215227323565957
0.6137798865885036
0.6092493710412632
0.6436008191757399
0.6593633659489602
0.6509582601755943
0.6084282668241672
0.6573757939010954
0.6520644073200668
0.6433091776273396
0.6025201659105702
0.6324483492891106
0.6382218183790715
0.6246690815971605
0.6385218905829977
0.6368871888026388
0.5957155089856421
0.6145696764554314
0.6712495662592128
0.6290358812693806
0.6102580907870401
0.6211341833907481
0.6151909782150438
0.6043545687842962
0.6328027660582638
0.6342316662386585
0.6587663782936937
0.6431213524999371
0.6113616159219896
0.6530420757517131
0.6475053545108272
0.6348943468546401
0.6162788986385909
0.5889524307520533
0.6636547404113097
0.6387646662755284
0.6166406543696907
0.629913525908731
0.6379099793768064
0.6535291311827459
0.6453635218741175
0.6385230259513606
0.6252291182824268
0.6368898424391672
0.6320107224007286
0.5997910454588199
0.6263948992314534
0.6135261354393611
0.6574869989286314
0.6447457919803479
0.6519245862160503
0.6564184863851408
0.6324156382154498
0.6144637192286528
0.624929250088225
0.6261338369731085
0.6266109181982493
0.6621034065122586
0.6343543692214195
0.6389533933081076
0.5982548671840756
0.5997288659599163
0.6257840779160074
0.6428641028320614
0.6211357567256628
0.6655368279280435
0.6129525574556778
0.6353277872968016
0.6389977154571213
0.6413661426312589
0.6250771796277552
0.6475755868844261
0.6693110861328985
0.6710495863357747
0.6589964080206385
0.6419848789880775
0.6325374888138847
0.6583334584053304
0.648072099931974
0.6509955990019091
0.6429021964509922
0.622878715754569
0.6661832509941428
0.6437261226881799
0.6363962881843683
0.6229091061552923
0.631761634038728
0.6364084525447328
0.5983776029932918
0.6421622735675895
0.6467574265537438
0.6619936619779889
0.6191699663455408
0.6167518635077698
0.6460500451170097
0.6287333165082258
0.6399486913528193
0.6196173615503087
0.6730769316251672
0.6474979143536437
0.6586934786422906
0.6574233806768723
0.6266728566061803
0.6116990066722475
0.6294904974316686
0.6021422580562219
0.6455712282263306
0.626232912862521
0.6431770918450066
0.6213348684228528
0.6310767167102704
0.6308938686489602
0.6186858416531875
0.6501401898159417
0.6297565152653004
0.6466722901071217
0.6234032627083423
0.6671048683739813
0.6683032103505466
0.6154711937117763
0.6511818747620937
0.6716000408715277
0.6827513372956262
0.5965486672009639
0.6574703230087037
0.67191684232381
0.664489291983593
0.650064539515387
0.6268209170313256
0.617843667932957
0.6521440453764737
0.6453798171876122
0.6420332299094759
0.6519277418630889
0.6572935485870435
0.6540330717691831
0.6515456217205152
0.639971318798222
0.5840522453868733
0.6148577442475689
0.6138412528040196
0.6316823077809419
0.6050777744153649
0.6820746152622608
0.6412095224858201
0.6453413142536564
0.6596699426972097
0.6547379039443156
0.6347062590487871
0.622358404651971
0.6607008813082528
0.6307309296276056
0.6550358571087856
0.6157729846591394
0.616132217386562
0.6628775544300982
0.604895839998089
0.6296989311107615
0.6267090220031879
0.6490782537651605
0.6377405928974694
0.6677247480077007
0.6475349300607764
0.6191094369716121
0.655570543019517
0.6049735133697589
0.60228967994491
0.6334088966908575
0.6455620800124542
0.6301823941615489
0.6337671347902432
0.6269816778864898
0.6474939150464787
0.6446709373542254
0.5892035441516289
0.5850752384898774
0.6274373566751221
0.6224571379181636
0.6544564252885805
0.6252446161278392
0.6513272070720404
0.6766354860553974
0.6340341896326882
0.619858271651577
0.6350104175915681
0.654524467092501
0.630858319042005
0.6457997824658166
0.6586971146655962
0.6117825562448513
0.6692151346981536
0.6516802522494365
0.6669058106052655
0.6518564852123409
0.6652209243731717
0.6652679597221477
0.6576446528596183
0.6093998543952577
0.6253846087756056
0.661792297937267
0.60315703764609
0.6319974804278649
0.6784009038561679
0.646141463628054
0.6449360554684984
0.6100860996747741
0.6301538904057534
0.6529373840101577
0.6106658221558044
0.6371112101512486
0.6402389226439724
0.6349385925754387
0.6024048454524229
0.6730018537439771
0.5911130126657649
0.636781702890086
0.642015854835704
0.6055658894820415
0.6298307845466468
0.644519428399486
0.670117283207124
0.6210265552671099
0.6397353524208436
0.60496363954714
0.6588273110612056
0.6622291492249593
0.6228755067383831
0.6399260565080056
0.66861262496701
0.6181604052008529
0.6518571554131225
0.6157351673505467
0.6470410994618851
0.6591250651178746
0.615896628931295
0.6696948116923692
0.6042078004250502
0.6195382981626718
0.6127392188086822
0.624720557364778
0.6613120401332726
0.5950469754685601
0.6637529753330168
0.6419382565823302
0.6140340427414761
0.5947523824221208
0.6611377158269762
0.6364125298536096
0.6517390349533203
0.6336852103458211
0.6364606775318254
0.6090444977085212
0.6587936737743654
0.6600997220116934
0.6200463141199057
0.6305834836351557
0.6487893630725248
0.6232568467837891
0.6083197263726061
0.6628732017479086
0.6354283616014096
0.6589436058589845
0.6209336930504756
0.622516181145889
0.6293418737193952
0.6550079652029906
0.6319022296329828
0.6099365251637863
0.644599575275985
0.6690803850994793
0.6231908898452785
0.660874461102388
0.6161815506516659
0.6084743741969958
0.661733624462802
0.6103270041234103
0.6310289535730899
0.6452944050102316
0.6339562171206773
0.6729622801358908
0.6299611263851714
0.6656401246654251
0.6247491153733755
0.6427045900548851
0.6391138480783263
0.6188214174091837
0.652941273422555
0.660362243915172
0.6644854444312263
0.6400782464830873
0.6373162208856546
0.6515675350034884
0.6554052638955365
0.6534479715471906
0.6157194710482059
0.6348027622670752
0.6562522726724802
0.6403185784733041
0.6237176440105419
0.6193998468404389
0.6592254537495703
0.6399046980649311
0.6462576743558119
0.6307473951877102
0.6294754906233977
0.6277496678106671
0.6324376535907821
0.6373521110568974
0.6022481340746617
0.6558918724119105
0.6694867036414294
0.661842293320391
0.6525245985085473
0.6285313431013582
0.6585457135656576
0.6456541502507758
0.6260245097319378
0.6213989196967983
0.6533972164000477
0.642815574304149
0.6283394854283764
0.6268394751790551
0.624310358225295
0.6210494547231487
0.6540143253878756
0.6274633135331239
0.6547134901466325
0.6426921863709544
0.6191328210463851
0.6632361390989214
0.6503250593935865
0.6587289842895492
0.6785695221996586
0.6639119172705696
0.6472250467203361
0.6529495929623739
0.6548565091434799
0.6430324048210507
0.6575676065848912
0.6454222512603008
0.6147605817983373
0.6579591451569526
0.6549667356766626
0.6170330392042255
0.6678720288273774
0.6411182592703637
0.647366453596359
0.6104957747293713
0.6539564864466276
0.6714000886403381
0.6270632077459631
0.6603005819988936
0.6092324954222237
0.630315025059411
0.627010839691489
0.6473209093768342
0.6628337805149587
0.5899693397878701
0.6327160902967669
0.5968349832630946
0.6343628076004717
0.6655681063378418
0.6394220120423029
0.6418899731652075
0.6577594652504776
0.6358521837985871
0.6270437059564669
0.6364724023187447
0.638047574335322
0.6779489169081316
0.6490765603807146
0.6544737454936201
0.6336607171746785
0.5965458886736804
0.6455509494204686
0.654105545396348
0.6435697373336593
0.6357480783247901
0.6542743681928425
0.6486593234940976
0.6270294641176242
0.639710878574782
0.6574070366328061
0.6297161496679163
0.6331526060587369
0.611933938012739
0.6292554828256378
0.6184186063235222
0.6731001117443507
0.6612948795042962
0.64876051782854
0.6356621877960678
0.6266712741712694
0.6135091103183248
0.6480999754386692
0.6386335344274692
0.6225769822074179
0.6033098193143701
0.6573237259522613
0.6101792264387873
0.6268111002129779
0.6441081579489627
0.6479539140722802
0.5981320337454241
0.6657855627862908
0.6491749361337524
0.6549517530663468
0.6182483476951512
0.6438925532336248
0.6012082283586545
0.6320034067023825
0.62916038777427
0.6184890701588253
0.6524167808372068
0.6203582539052178
0.5884874845650678
0.6732999251066925
0.6300714143182643
0.6671064218534839
0.6752981003722125
0.6224606297101751
0.6688266600613875
0.6477266945444109
0.6334244033202237
0.6490692880919633
0.6146096402206113
0.6100790821735069
0.6445753863891832
0.6417682884535544
0.6201317197642773
0.6545010904290882
0.6428100395102047
0.6130921346417293
0.6480428691958019
0.6300050201953553
0.660304162724701
0.6400024542883269
0.6296019361606567
0.6336314099168254
0.5861035455495822
0.6094016617893143
0.631923741830499
0.6490189745610384
0.6317904901603121
0.6234988726859592
0.6029156369344362
0.6152767007347089
0.6456904942856967
0.6649480432038871
0.6571806958748896
0.6360867389723854
0.6293233856757414
0.6562175936450916
0.6351364486267751
0.6114600988961483
0.6521468273077763
0.6427751744305834
0.636996936560432
0.670931718336129
0.6134711428902939
0.6637131752837628
0.6510014358539113
0.6386446141773787
0.6251226297905655
0.6153227749218659
0.627110871571358
0.6550791307679512
0.6138283697278575
0.629862551572923
0.6552632078089169
0.6423596626365556
0.6350205410272903
0.6120852599719304
0.6745335396523868
0.6467099683094265
0.6248957121849649
0.6107242674251776
0.6233190584009995
0.6363844691127887
0.6397297908680774
0.6598011122091829
0.6662264144052782
0.611764044938506
0.6379353709653951
0.6177448109701869
0.6191700788498427
0.6363410891949173
0.6625570951022921
0.6663242845566717
0.6182582077290896
0.6193322695237445
0.6308382339561461
0.6088547923852454
0.6332330677750672
0.6643917066767491
0.6872048960496201
0.6315109168813919
0.6458557433280483
0.6476043328463152
0.644343079190991
0.6414148072232767
0.6482361624309898
0.6429168249350543
0.6139129205833669
0.6641048947913053
0.6317239371180422
0.6306614583863273
0.6166837917318877
0.6504295445229942
0.620188188793396
0.6562247627318676
0.6480239806988606
0.644943139027587
0.6250327570049578
0.6453887841537935
0.6327601387262816
0.6114174457608218
0.6269108400878896
0.6567125639025971
0.6502075389685831
0.6493840590390199
0.6648885834091551
0.643957261834017
0.6554144938109037
0.6124511146920252
0.6485478605474011
0.6437244213697921
0.6446143924424056
0.6328033847132513
0.6811761346283374
0.6270621743438316
0.6212818901344177
0.633346372635953
0.6340169213598066
0.6174949396549927
0.6704919686108075
0.6732532979731547
0.625736735421416
0.6318952471052246
0.6347952084821666
0.6403110179845144
0.6381470743033204
0.6211931524474862
0.6329984781908
0.6451406217109437
0.6314563862011818
0.6396508615766587
0.6368123765365576
0.6512957195073764
0.6624546102688637
0.6452370159237864
0.6337510524763936
0.6689707526763382
0.6677138331419646
0.6671174671393234
0.6490376641753499
0.6438253448801978
0.6179971574414289
0.6439787161602052
0.618681129870907
0.6565858717012034
0.6454555842089953
0.6396977453301356
0.6272550271529596
0.6746008895233185
0.6344622639268604
0.6545601438233266
0.6378325202406541
0.6060643017396601
0.6031681615897562
0.6362871550500337
0.6351158139737476
0.6515113729702792
0.611992820884407
0.6325900522652824
0.6169510232664265
0.6417074869957398
0.6489305895884137
0.582965993843354
0.638733928094777
0.6225380569629508
0.6240024887037887
0.6396824890320643
0.6247090082457637
0.6482816981182467
0.6550962676423333
0.6376323392169301
0.6543827960937212
0.6562978601799602
0.6382563481170739
0.6004359846444807
0.6429281007206821
0.6054124055310728
0.6620910408641364
0.6415489770287512
0.6588624792371949
0.6277426799918477
0.6260415423332435
0.6657582812885412
0.6240048289338957
0.6431264210851224
0.6342310642103919
0.6351866174911949
0.6598805352107677
0.644774092660404
0.6269162701419342
0.6361126908965422
0.656368941805489
0.6418207998366856
0.6516069290292822
0.6556693978819736
0.6223400483739547
0.644007422000294
0.6528687406295424
0.6262421279172241
0.6673999431071002
0.6300830548611378
0.5871720716957641
0.6703776749415191
0.6513157228199764
0.6459418357176934
0.6327026991767956
0.655613282394222
0.6191984892689831
0.6132541794483024
0.651389134307605
0.6398390179872377
0.6570513052846896
0.6238514573018783
0.6415847075647791
0.6695780073625535
0.6480237330281415
0.6453602462262817
0.658224295717231
0.6506798621551868
0.6365344618128679
0.6045967361635389
0.6660625098457846
0.6172076859712625
0.6152371450924133
0.6177229444327339
0.6347608316255693
0.6219392423843281
0.6095584689899393
0.63402649560118
0.6278716518133567
0.6732832456569963
0.6296995761177989
0.6291540191808904
0.6224013751152726
0.6463648320791345
0.6282557685112896
0.628816286184172
0.6495004072900368
0.6337322522368187
0.6211819982242401
0.6167140615872823
0.6638539226204152
0.6497507677121105
0.6135109517779709
0.6567110604267987
0.6155499572038046
0.632905638096217
0.6383178436992061
0.6401888364420255
0.6241011264447456
0.6560499848958787
0.6352483249091563
0.6381143894116259
0.6088339382623296
0.6140993056234553
0.6330433274238556
0.6713926996677315
0.6767630229847453
0.6260996584905836
0.604370028742923
0.6387799165435224
0.6206843823892896
0.636483397705619
0.6201855874720086
0.650299708020637
0.647685421007604
0.6531173895681089
0.6612939751815268
0.6338007365583065
0.6282389820925893
0.6270357186692005
0.6410670930683503
0.610041111202134
0.6195078751238308
0.6265434119453015
0.6498122634646846
0.6336391700840016
0.6449391518403604
0.6649096466231152
0.6525730237648627
0.6668683284614015
0.6031346088221502
0.6308812300032114
0.6133216639008428
0.6547130249237376
0.6412049777969733
0.6318290243107225
0.5939668524795384
0.6041564953180809
0.6407872993728613
0.6269233123484873
0.6295877379815523
0.6124099820034423
0.6308246386422043
0.6583354633774681
0.6321594650797682
0.6455554117956941
0.6238532181704686
0.6612611328041282
0.6089160483793961
0.6183582623737156
0.6343759755916443
0.6234931993852961
0.6279445475515466
0.6279292914670289
0.6334005587351261
0.6127499103790538
0.6259769067398404
0.6458762986392156
0.6399815324158651
0.5992636574159146
0.6494769118508718
0.632670788052367
0.6480944985069653
0.6341623546969215
0.6183696550997846
0.6264727629138119
0.6220172625711303
0.6370326743802592
0.5931007456448956
0.5957641917376779
0.6672852764689865
0.6132261649937667
0.6319352282782603
0.6442133776956226
0.6223787496816237
0.6454390471578342
0.6013739270975123
0.6184332360492393
0.6050217773090023
0.6208455051625501
0.6148371393406518
0.6253417655539962
0.6241073219042876
0.6192919051564839
0.6297901662015163
0.6936201089241725
0.6321633656487332
0.5949801876920595
0.6398413345557413
0.6655603618086168
0.6572575079121745
0.6410205827261544
0.650972459825482
0.6517016394843875
0.6519089111211649
0.6230998531517933
0.6593919055516964
0.6376025189398733
0.6181207452472168
0.6214883019176001
0.6543501186981158
0.623778631995437
0.6117909596490615
0.6137861146844903
0.6667982661706537
0.6105090445873032
0.6189712246416994
0.6508410618427547
0.6603060302202335
0.667984861101006
0.6495940654580517
0.636954200253737
0.6271049065880476
0.634742413504847
0.6373641546989115
0.6141803379616624
0.6465007119469475
0.6201641001398086
0.6392224648298434
0.654556553069403
0.6335860228792569
0.6311344125175374
0.6379940632867851
0.6413657920837192
0.6359367964403481
0.651887366562975
0.6343338858838004
0.6184670855574065
0.6362318575765162
0.6474225356497945
0.6193508665015678
0.6228019702378012
0.6324604952648898
0.6391380410499072
0.6298808758936423
0.6447686995463948
0.6827546005254105
0.6651338162492477
0.6464295816118131
0.657422759732353
0.6209713407221092
0.6451178048359654
0.6336079091231356
0.6446369405082978
0.6399252710722743
0.6666224222217954
